160
4 1 0 3 5
4 7 6 8 12
4 11 14 15 10
4 13 17 21 19
4 20 18 23 24
4 28 16 22 25
4 26 27 29 31
4 33 35 34 32
4 36 38 40 41
4 47 48 44 45
4 46 50 52 55
4 54 56 60 61
4 59 64 65 66
4 72 73 71 69
4 70 76 78 79
4 80 81 86 89
4 90 91 93 92
4 95 97 99 100
4 101 105 108 104
4 106 107 109 111
4 113 117 112 114
4 115 116 120 121
4 119 123 124 128
4 129 132 136 139
4 138 141 144 147
4 149 148 154 156
4 155 151 152 153
4 158 159 160 162
4 163 165 166 164
4 170 172 175 174
4 177 182 181 180
4 187 190 189 188
4 185 186 193 192
4 196 197 199 201
4 195 198 200 203
4 204 208 207 210
4 212 213 214 219
4 218 217 221 225
4 226 231 230 234
4 236 235 233 237
4 240 242 244 245
4 247 249 252 251
4 254 256 258 259
4 261 264 263 266
4 268 267 269 271
4 273 274 277 279
4 276 278 280 283
4 286 282 284 285
4 288 289 292 294
4 295 300 299 301
4 298 302 304 306
4 307 310 311 315
4 319 320 322 324
4 326 325 330 329
4 328 333 334 332
4 337 336 339 341
4 345 348 347 350
4 352 351 353 356
4 358 360 362 364
4 359 361 363 365
3 367 369 371
3 372 373 376
3 375 377 378
3 379 385 384
3 387 388 391
3 392 390 394
3 396 397 395
3 399 400 401
3 403 405 407
3 410 409 412
3 411 414 420
3 421 419 423
3 422 424 425
3 427 430 429
3 431 434 433
3 432 439 437
3 438 441 443
3 445 442 444
3 448 447 449
3 451 452 454
3 455 446 450
3 453 459 462
3 463 460 461
3 467 468 473
3 475 472 474
3 482 484 486
3 490 492 495
3 494 498 499
3 497 2 4
3 9 30 37
3 39 42 43
3 49 51 53
3 57 58 62
3 63 67 68
3 74 75 77
3 82 83 84
3 85 87 88
3 94 96 98
3 102 103 110
3 118 122 125
3 126 127 130
3 131 133 134
3 135 137 140
3 142 143 145
3 146 150 157
3 161 167 168
3 169 171 173
3 176 178 179
3 183 184 191
3 194 202 205
3 206 209 211
3 215 216 220
3 222 223 224
3 227 228 229
3 232 238 239
3 241 243 246
3 248 250 253
3 255 257 260
3 262 265 270
3 272 275 281
2 287 290
2 291 293
2 296 297
2 303 305
2 308 309
2 312 313
2 314 316
2 317 318
2 321 323
2 327 331
2 335 338
2 340 342
2 343 344
2 346 349
2 354 355
2 357 366
2 368 370
2 374 380
2 381 382
2 383 386
2 389 393
2 398 402
2 404 406
2 408 413
2 415 416
2 417 418
2 426 428
2 435 436
2 440 456
2 457 458
2 464 465
2 466 469
2 470 471
2 476 477
2 478 479
2 480 481
2 483 485
2 487 488
2 489 491
2 493 496
