1628
4 5138 7570 4834 8582
4 5423 9645 9700 8146
4 7676 2868 4166 4124
4 4136 630 7268 8153
4 7159 325 1023 5972
4 2837 6448 2136 163
4 2891 9015 8201 3580
4 4514 30 2506 6983
4 6562 114 9054 7276
4 4523 6443 6919 4924
4 2767 3603 2175 3101
4 4241 15 5500 861
4 2764 9877 8624 7765
4 3336 1242 9897 4755
4 8587 4743 1630 2984
4 1394 5050 3743 2304
4 8988 4217 379 5474
4 3091 2834 8528 581
4 5781 6675 4857 6659
4 1377 2035 643 7375
4 6686 9002 9011 380
4 7684 307 4369 5996
4 6348 2079 3737 378
4 6700 4451 9338 7606
4 9143 9223 2579 9811
4 3882 3681 3006 1299
4 5538 7766 3218 7724
4 1323 3029 6446 7183
4 5439 4123 9842 33
4 146 393 1922 1801
4 7994 8618 2567 1615
4 258 9380 835 7142
4 6402 5457 1952 300
4 8244 1393 4875 7586
4 7713 268 7067 3158
4 6521 7763 266 1603
4 2005 3881 3143 3081
4 8191 8552 9792 4154
4 1903 6388 6610 6501
4 8513 8237 469 1503
4 1960 3776 375 9510
4 8178 3687 7482 9665
4 9389 5780 256 2936
4 5929 5580 2435 1838
4 1008 9565 2774 7242
4 2537 6358 8686 8758
4 741 5682 1035 591
4 1871 9609 9787 4641
4 895 1832 5289 3058
4 4956 9469 8109 6945
4 2483 7372 671 7106
4 3953 9563 8371 3510
4 9582 9590 3620 308
4 7184 1470 5003 7333
4 7408 5472 2645 1775
4 2425 2415 7755 8856
4 1746 9983 7537 2925
4 8313 3061 9790 679
4 7241 4738 9385 8066
4 5103 4348 8557 9039
4 8090 5184 890 9266
4 4707 9480 1098 6182
4 528 8271 3599 1828
4 7998 732 5637 8577
4 1758 4530 8339 7722
4 1033 6563 6294 2210
4 6093 2389 9003 272
4 9382 9096 2453 9291
4 3236 7452 4383 9306
4 9731 8054 1309 4812
4 5658 665 2031 6322
4 2302 5405 7811 7762
4 2130 4070 6931 324
4 2195 9602 6450 3370
4 8002 3395 8340 3588
4 1530 6135 2343 9631
4 153 2384 4856 8633
4 3494 2163 9726 4718
4 2796 1021 673 2028
4 2946 810 3007 9376
4 545 9617 3812 1229
4 3606 6964 9575 6158
4 4050 5672 3808 5586
4 8975 938 1857 3486
4 4570 2958 8281 150
4 2908 1064 3521 6277
4 9361 7500 9948 8740
4 2875 8908 6095 3690
4 5268 2852 737 1452
4 5161 7957 3947 5833
4 3719 3654 189 6421
4 9920 7273 8542 5287
4 5596 3219 8247 7090
4 562 7457 5883 6405
4 1119 1766 6804 6780
4 8573 7121 7827 7227
4 6525 7497 7428 3067
4 8515 9672 874 9492
4 4778 6378 6044 1572
4 824 9348 6440 3063
4 1128 1872 1219 6536
4 382 5415 6488 8170
4 4584 5353 3260 9364
4 8354 8266 4071 1906
4 526 5453 6545 5229
4 5343 794 1518 2013
4 5942 4316 1764 5445
4 9102 9007 4911 3346
4 4192 5572 1424 3279
4 7093 2128 2587 2485
4 6429 9148 8395 5778
4 9322 3707 9090 3729
4 9989 1679 6393 7690
4 4059 7893 1547 8749
4 7719 4437 4045 6948
4 1162 4218 7787 4448
4 5392 5279 4142 100
4 84 8184 9925 7644
4 4410 5181 1683 7602
4 6554 1198 621 9499
4 1332 5920 1840 431
4 603 6753 7840 931
4 1846 8495 1053 5984
4 3245 6433 6615 5227
4 9929 5617 7058 2470
4 8960 6128 2636 8158
4 7918 5646 5154 2356
4 6233 3752 7986 3823
4 4379 8778 485 391
4 4985 138 2629 6350
4 554 72 5217 4294
4 1159 803 1699 898
4 6275 9157 8886 5498
4 7550 2410 1954 4620
4 7633 2242 4933 6472
4 2746 2264 9941 8731
4 8310 7693 5108 5820
4 6186 6644 2316 4117
4 7554 1266 1633 8486
4 3985 8097 1867 8282
4 2607 6326 3021 5387
4 2104 2477 1026 2119
4 2531 6664 1464 1151
4 851 3839 1822 1642
4 8160 9047 9035 1869
4 8355 2472 4325 9122
4 6022 3841 3386 6304
4 1574 1634 8695 9434
4 6703 4907 7785 8164
4 3975 816 7128 2708
4 5248 6870 5246 7047
4 4567 3799 9220 6522
4 1062 6382 2411 2630
4 3562 7102 1126 7619
4 8279 4941 6066 8192
4 4017 6327 6267 3456
4 5971 6658 6325 5695
4 9388 9476 7754 5857
4 1025 5069 7702 8858
4 3243 646 4042 8976
4 2156 692 6860 5302
4 4781 2208 9657 7285
4 7630 3198 8914 1719
4 7021 5381 8800 7621
4 873 460 80 474
4 4171 878 79 3441
4 4736 1904 3796 7105
4 5860 1036 2412 4793
4 5816 9032 7432 3611
4 8805 9448 5581 5709
4 5024 83 7418 123
4 7555 9771 1056 9337
4 3873 1882 1616 5487
4 7943 1467 4994 8737
4 9876 7425 789 6189
4 2824 7162 3968 9075
4 227 7404 5123 5936
4 1959 1131 3466 1090
4 1256 4659 9114 3347
4 6306 1409 849 6887
4 4031 6740 9742 144
4 2039 1802 9212 870
4 5924 1438 5675 1141
4 809 3983 3251 5822
4 6903 7850 8256 1502
4 6265 9524 9330 9943
4 5566 9072 4599 6163
4 2680 3684 590 6952
4 8084 2555 4661 1755
4 4248 5277 1292 2660
4 4697 1083 6486 3709
4 1251 205 3172 4888
4 8882 8368 6120 8551
4 3660 8521 1 5420
4 4462 9520 9185 2438
4 6995 4268 8421 1092
4 6287 4380 8307 3640
4 1660 7435 6783 6893
4 9339 4065 9902 7886
4 2448 129 5821 4494
4 5568 4852 612 4539
4 3190 1855 9132 5647
4 6653 2441 1112 6236
4 1252 7138 7626 638
4 9097 5915 224 7982
4 5147 12 2181 6968
4 6390 2569 6787 3856
4 3971 6886 5745 3636
4 1534 6838 9343 7167
4 449 6728 9373 9053
4 6469 1915 3242 8782
4 4499 9452 5629 4927
4 8580 1185 5937 9477
4 3550 7133 246 4733
4 5060 6980 7073 4999
4 6397 116 4601 3230
4 3294 9931 6533 2126
4 6853 7741 8154 6854
4 2860 2692 5315 3359
4 3732 6892 4391 5565
4 4072 1645 7854 4761
4 2003 3068 2365 3204
4 6810 5810 6464 1030
4 4033 3431 6649 1250
4 5947 6868 1321 7631
4 1892 4340 8179 9696
4 6203 1347 2205 1586
4 6075 622 1532 8098
4 6546 5981 2608 4517
4 2510 9656 2442 3784
4 2878 4602 5992 3688
4 3369 1643 1080 7186
4 7803 6920 8015 589
4 1137 7639 5327 2167
4 796 2884 9958 9336
4 5146 5702 3025 8263
4 7664 8822 9922 5510
4 4830 9578 5177 5377
4 3586 3338 2955 1217
4 7115 3358 790 548
4 1866 9802 5966 4592
4 458 7521 2578 2399
4 2929 7592 2683 6811
4 7665 3641 9635 896
4 845 5681 3051 2408
4 5806 4945 7355 1272
4 2576 3609 330 479
4 4081 4582 164 2101
4 7514 8604 6398 2909
4 4837 3930 7745 899
4 7308 9154 8707 6258
4 7815 6586 4961 6302
4 6963 4435 1152 5341
4 6666 2535 9530 7032
4 2112 9741 1450 172
4 8161 7964 2137 1955
4 2912 6364 9086 550
4 9042 3090 3196 2612
4 8138 4630 1201 6202
4 9068 5245 4690 1744
4 5950 301 2198 7911
4 6090 753 8220 520
4 6380 4335 6430 1713
4 9917 8047 4874 3632
4 4259 9797 3271 8643
4 81 9910 6511 7266
4 7239 1153 9117 1585
4 71 6147 7209 2045
4 3318 444 9629 5199
4 8259 2798 2143 49
4 4959 3583 4527 2309
4 642 101 616 7938
4 5214 2571 7727 6944
4 7610 6006 6344 298
4 1966 4825 281 8397
4 7201 2941 4786 4637
4 245 5649 7972 6228
4 9227 7176 7490 3097
4 207 5424 4758 8750
4 844 7917 1341 5310
4 2277 9868 8918 2962
4 7 5172 5316 7656
4 6657 8614 2766 3748
4 6422 9295 8715 4150
4 3463 8835 5329 6602
4 997 1742 1364 6377
4 8632 8554 8907 1569
4 7013 9065 3759 8223
4 525 4957 2817 4958
4 1961 4164 5917 7483
4 9119 89 5100 9369
4 6957 5952 8230 1851
4 5317 2183 1268 8433
4 2360 8921 5062 6696
4 4190 6951 6458 1805
4 8844 9764 3528 5054
4 6858 4782 9642 2534
4 4587 9082 941 2581
4 8075 9865 9793 8546
4 4591 4571 3774 3317
4 4378 4831 3320 8378
4 518 5571 1017 7206
4 4553 837 7107 9317
4 4111 6251 588 9953
4 6383 7974 4586 7244
4 4039 4460 3404 3185
4 7411 4159 6091 5447
4 3652 633 1731 4724
4 5428 5786 7987 6714
4 51 311 1278 9705
4 720 8209 6031 5788
4 5485 3591 7797 7620
4 1703 1348 220 4219
4 9805 1024 6695 7707
4 1204 6140 584 2338
4 3160 8185 2763 3864
4 367 4683 5862 2850
4 3501 455 6543 7628
4 5432 6706 9285 7297
4 5358 7576 9401 2820
4 3726 2197 7563 9449
4 8943 5394 9992 8660
4 6934 5888 7347 3039
4 26 5078 3232 7739
4 263 5017 2575 2802
4 5574 7460 8273 8653
4 1552 3443 7861 1835
4 1495 5598 249 54
4 3042 4018 9091 3563
4 8547 66 6928 6030
4 807 5524 2245 5627
4 9561 4826 8615 7305
4 6232 4095 1061 3511
4 1765 9105 3174 3941
4 9153 2972 1442 7522
4 6824 5615 6541 3899
4 3744 5297 4940 1100
4 1546 4240 6938 5443
4 4179 4487 409 6411
4 3368 2019 9720 9416
4 5261 1734 82 9320
4 7248 160 834 9548
4 2518 1004 5872 9269
4 9901 9232 9235 6531
4 9238 5579 3651 463
4 684 7454 5556 7313
4 5625 597 5653 3842
4 5785 2295 5178 6629
4 6125 318 2166 8862
4 191 8052 5879 56
4 9182 3223 6252 8851
4 2927 3914 4425 2169
4 2047 9570 6882 2220
4 662 1466 570 8458
4 2748 3686 7204 6592
4 5469 8470 9181 1122
4 4112 3869 9678 3324
4 209 6151 7398 7876
4 1509 8665 7824 5909
4 8183 6156 9151 2165
4 767 2353 8667 5295
4 5136 5191 9660 6484
4 3057 2115 8338 9968
4 5330 1912 8133 8426
4 9489 3577 6392 1402
4 6791 1234 6989 4996
4 1160 7003 2924 9286
4 6766 4688 5051 7405
4 2857 7723 2073 7506
4 3952 3429 231 3650
4 196 5841 7376 9967
4 4006 2631 7709 9702
4 5130 2851 4569 5589
4 1412 8549 5033 6004
4 7323 7448 8102 9417
4 3974 1928 228 1144
4 6970 3100 167 2069
4 5818 9947 1420 8096
4 5071 3733 3094 4680
4 9454 1573 3282 2719
4 6756 5502 339 3779
4 2965 5307 2434 2513
4 5075 547 4342 3970
4 2845 3152 8809 7791
4 5573 7367 6821 9829
4 805 5699 5073 4297
4 2372 1706 3722 7535
4 578 6037 8510 6187
4 9816 9217 8292 9405
4 6911 2689 2547 7847
4 5281 5480 4263 4813
4 5643 6153 5018 9021
4 3426 6561 7016 176
4 397 8649 7336 9938
4 7325 1752 2655 4203
4 1350 312 4231 4664
4 4461 1059 5280 5351
4 2856 4368 8718 1494
4 7822 8893 658 8881
4 5691 1177 5727 6354
4 3700 2363 4645 7533
4 3785 1550 2678 9400
4 7871 222 1973 759
4 6082 1490 6062 8781
4 5885 6021 3041 9115
4 5501 7747 853 9558
4 4915 6691 8523 6720
4 6830 891 4309 7539
4 7470 2615 7598 3661
4 5091 4080 553 3568
4 5223 3998 4401 4082
4 2357 9145 3703 8588
4 6889 3005 6717 6568
4 5962 8607 4605 1029
4 9560 3736 653 3656
4 6713 4756 3597 8295
4 7867 2037 927 6426
4 8003 3730 8524 8509
4 9626 3582 6965 7079
4 9908 688 211 4818
4 7789 1006 2492 6332
4 9406 186 2628 5324
4 5631 22 846 7558
4 1087 8816 806 3867
4 4617 1589 3155 3791
4 9332 3849 2095 9718
4 8305 7400 5758 4054
4 5770 7289 4983 240
4 3268 5458 3011 6623
4 4713 5008 3696 7504
4 924 1714 7544 7453
4 1762 1047 4896 1395
4 6638 3531 6097 8637
4 2963 9788 7703 8326
4 53 1888 1656 4657
4 827 4819 4441 4583
4 6836 6869 6056 1203
4 1136 714 3689 9265
4 802 703 3618 4229
4 4955 6719 8037 7700
4 3235 9595 6078 1149
4 5512 8779 5644 4672
4 4498 157 5678 7445
4 6473 8332 6263 4430
4 7851 2417 6107 859
4 6313 656 6890 1793
4 784 4330 3035 7594
4 86 8478 3375 3186
4 3546 8516 4077 2959
4 1996 9326 9976 9418
4 2297 8602 6098 4457
4 4027 521 9735 4413
4 1941 1078 8274 1698
4 9893 1687 1373 3771
4 2257 1563 8080 4876
4 1567 8135 6230 1753
4 5032 9218 5993 7281
4 3156 4846 2916 1663
4 6249 2864 6338 1834
4 3805 9049 4152 1641
4 4541 9125 2436 7245
4 1258 7780 303 2269
4 8623 345 6041 1314
4 4485 3868 52 8411
4 1814 3643 8125 223
4 6879 3342 2753 8157
4 3162 6164 8802 4471
4 1448 4420 5684 7379
4 135 9537 944 4624
4 3723 1425 2665 1068
4 7031 519 8408 2557
4 2915 749 5520 247
4 6916 8520 9067 2339
4 3764 9809 3269 6455
4 2744 7635 856 4256
4 4158 5499 492 2109
4 5690 1143 1052 5037
4 3976 9216 6785 5656
4 8126 3365 3855 7284
4 5435 2791 3014 8706
4 981 6086 6043 3210
4 555 3082 6065 7492
4 7364 5275 1329 5483
4 921 9749 4209 3915
4 9533 2840 5764 1041
4 1180 1540 1667 7668
4 1497 7431 5569 9258
4 483 8662 2996 5213
4 6905 5692 1352 6341
4 6250 4665 4096 2737
4 1415 2026 3455 5614
4 8386 9334 6489 2429
4 8999 2880 6710 8969
4 2617 813 4326 7001
4 5220 9835 2521 9762
4 4010 1670 3710 8687
4 5301 5855 5165 8092
4 6116 9455 2721 9184
4 7173 8402 6444 4883
4 8745 6662 3519 4307
4 7130 4663 9168 628
4 8293 1146 9344 1975
4 7603 8059 8026 5908
4 1411 5628 4197 8734
4 2451 4477 593 3428
4 9534 5122 4550 7618
4 8828 6748 8598 6790
4 3096 4884 3911 3214
4 5155 5875 6132 248
4 3561 530 8872 3509
4 333 6577 1050 4134
4 3258 1807 3316 3587
4 5399 9966 1073 4279
4 9411 3343 3848 7440
4 3964 8700 9615 7582
4 5846 7280 3182 7528
4 3837 1019 3490 3430
4 4849 7348 3908 7933
4 2641 3815 3604 7505
4 2992 3180 7477 4593
4 9381 9607 3545 969
4 2187 3142 3648 2000
4 8562 5410 4923 9682
4 7018 4964 3126 3933
4 5769 729 5796 8775
4 7757 3697 2759 7920
4 3973 8754 9342 2553
4 3074 9409 44 2185
4 5600 1825 7196 362
4 6478 574 8034 6423
4 9402 8733 2843 687
4 7064 864 4925 7118
4 9633 3972 5090 8058
4 3672 2920 4848 7136
4 3895 639 6693 2747
4 3637 8208 1255 1280
4 1651 5475 122 3967
4 3573 5128 4337 4771
4 698 305 649 1288
4 8675 3608 9752 4456
4 4206 3664 4810 156
4 3085 5774 6036 1669
4 3906 2020 4208 7397
4 7884 8438 2611 326
4 893 1898 6352 3438
4 7307 3088 8065 3202
4 2238 8938 801 2702
4 1536 6674 5611 9637
4 4877 2201 8251 6445
4 355 1012 1235 6480
4 7801 6807 7979 5185
4 8896 7666 4311 672
4 9608 5633 6614 7426
4 5208 6922 4529 3695
4 8128 9446 9839 6875
4 462 7875 9667 3951
4 8978 6253 4841 3411
4 376 2272 9927 7541
4 8359 617 8060 1771
4 5450 1384 754 3981
4 2616 1786 6589 9516
4 8444 1186 3448 6172
4 6806 7912 7493 567
4 5604 107 2044 7038
4 239 3739 2224 4424
4 2813 5110 4146 1291
4 8145 1465 5636 5180
4 1600 7191 6001 2815
4 3756 9505 9447 7417
4 7942 6088 8628 5413
4 435 5742 169 2218
4 1725 1075 7611 3801
4 7061 5668 5215 3675
4 323 8122 1301 1773
4 6431 2310 668 9244
4 2086 5838 9555 2812
4 7017 412 2142 4384
4 4053 6254 4797 542
4 8558 4751 7688 4354
4 8600 3898 5321 5201
4 276 4590 5016 4866
4 9064 5490 29 6385
4 1264 5027 7698 9237
4 8174 966 9826 744
4 6117 8536 8906 9358
3 8071 1051 5404
3 8113 1791 1443
3 1858 5 1826
3 3238 4021 9058
3 4304 3054 9658
3 8529 6493 9982
3 7725 3107 9092
3 1632 955 5042
3 5271 3278 9768
3 37 2669 6087
3 676 3997 6149
3 6770 3424 8136
3 4769 2691 1214
3 3244 6340 381
3 4490 5007 3075
3 2378 2906 7518
3 9663 1279 8639
3 773 5197 2486
3 2162 2957 2939
3 1084 8177 5253
3 8793 8272 5015
3 5946 14 8909
3 7006 6954 3071
3 3535 4853 261
3 5605 2865 3931
3 1011 9823 1451
3 7004 6362 7027
3 2667 344 7420
3 497 7575 9395
3 9012 5552 3384
3 4903 8621 8188
3 2679 2640 5618
3 4998 8664 5319
3 6768 506 4785
3 4349 3836 427
3 4463 4317 6305
3 5436 6734 6247
3 9017 1327 2969
3 408 8111 7935
3 8057 3141 218
3 7995 2671 2570
3 7048 1132 5304
3 8196 2881 7902
3 5222 2836 3263
3 6636 1836 2596
3 6301 3349 6005
3 3353 1339 1199
3 9357 582 2757
3 6219 1293 9028
3 7423 4922 9848
3 5794 7419 6596
3 9716 2059 3782
3 7223 3292 6743
3 6982 9606 3178
3 9176 2437 7813
3 901 5973 2200
3 331 7386 3939
3 9838 2554 7983
3 7859 5832 8853
3 3694 3307 8473
3 9471 7382 1749
3 2829 1602 712
3 8089 8401 5897
3 68 5986 1376
3 771 388 4640
3 1043 2401 903
3 8031 34 937
3 4501 2002 8525
3 7381 695 8147
3 4247 4701 6191
3 7776 6152 5959
3 6119 136 4099
3 3464 3663 9935
3 7729 3060 3859
3 4926 7868 8316
3 6193 9280 8645
3 9644 9465 8685
3 4329 772 7520
3 8358 1458 5620
3 8343 5711 5249
3 6379 8448 2322
3 3625 1970 9160
3 4779 1578 2542
3 8427 4068 1644
3 6194 3699 7054
3 4431 9676 5433
3 5195 5194 4223
3 1482 452 6024
3 7195 3321 6772
3 2966 5926 5169
3 9664 1337 250
3 7322 1399 175
3 6940 8270 6181
3 3767 1099 9162
3 7438 7711 9060
3 2842 9462 8331
3 3450 9862 7627
3 275 5491 6025
3 9378 4344 1789
3 1390 3937 9743
3 4947 5623 4836
3 7062 5465 6955
3 6877 4799 8622
3 7784 9109 2145
3 8236 7383 2084
3 775 2788 4253
3 932 869 1484
3 9552 1231 7050
3 1430 7315 5577
3 1646 9732 6497
3 1800 4176 8328
3 2274 4331 8527
3 5441 7545 467
3 253 76 9551
3 6656 9770 922
3 7222 5259 5509
3 9781 8589 5348
3 4024 9827 8512
3 1772 9116 6295
3 9567 5312 8249
3 3713 1792 8514
3 7790 5759 9077
3 8769 5560 117
3 829 4423 1142
3 2512 2706 3173
3 719 5790 7373
3 3157 1654 9146
3 6195 6966 7181
3 3631 4954 348
3 1942 7081 5601
3 7842 4930 2928
3 595 4838 4737
3 7988 3350 255
3 7971 9098 2275
3 6646 3569 6943
3 5402 8983 7126
3 2892 3289 9950
3 1435 8867 670
3 127 8070 6321
3 3046 8127 5292
3 9440 3345 9598
3 4227 9292 8798
3 3331 748 9915
3 6099 2075 943
3 6169 9045 9671
3 6324 3303 7119
3 7880 512 6373
3 9911 5115 7296
3 6537 193 1971
3 152 3570 1983
3 7962 5578 3109
3 9439 804 9312
3 2632 3902 4558
3 1978 3578 1074
3 2921 4224 2899
3 6033 5896 7395
3 1516 3355 9459
3 1270 6774 3325
3 8008 2289 6009
3 8631 6500 7045
3 3274 6167 7151
3 8648 7877 8568
3 2012 4427 9190
3 6888 3802 31
3 6003 7951 8606
3 6155 3129 4238
3 1809 4175 5257
3 3188 7799 2715
3 6539 2457 316
3 5900 871 2452
3 6184 6222 8345
3 3666 9621 1880
3 6835 3123 8746
3 9549 6680 6353
3 1610 9037 7574
3 8891 5418 456
3 2230 6599 2818
3 4835 2362 1945
3 5233 3891 7197
3 3991 8712 9194
3 4613 7818 3339
3 6328 8766 6731
3 8652 2953 2232
3 5041 2711 8379
3 2382 6269 5166
3 6150 7648 17
3 4600 7363 1519
3 2216 2580 4085
3 9203 9874 6941
3 3851 6292 3601
3 1914 2261 1875
3 1702 2973 5654
3 4086 1712 1963
3 5056 5733 4573
3 9018 9763 7571
3 5753 2913 9847
3 3919 7377 4626
3 4310 3766 762
3 2174 3554 4120
3 8007 2430 1410
3 2468 9025 7152
3 9751 5294 2676
3 1478 9883 216
3 3526 171 1001
3 4298 7409 5518
3 3721 2405 1501
3 9899 9619 9739
3 9849 9909 9123
3 5006 8722 1622
3 1724 1810 2903
3 4352 8314 6744
3 2771 213 8036
3 3745 9252 1701
3 3617 4787 7730
3 4060 4885 821
3 2770 8415 7638
3 3333 3073 8770
3 8493 6998 659
3 5419 9610 337
3 5995 7389 4242
3 8850 8592 5912
3 3585 6619 2876
3 352 8471 7940
3 933 319 9815
3 577 7022 434
3 5723 2789 1444
3 1992 6678 7671
3 723 3838 3619
3 5766 8439 7360
3 9871 9535 5824
3 5773 7993 4522
3 1507 860 862
3 9066 504 2080
3 7202 1763 8418
3 6309 1684 1487
3 2987 7615 2228
3 3089 2610 8382
3 7543 5725 8117
3 1372 8187 9806
3 6320 8692 9246
3 1221 5262 5425
3 2027 4097 1276
3 9 9214 3376
3 9748 1638 5247
3 3272 7057 8811
3 6724 8534 1479
3 6176 1812 45
3 9502 2116 7051
3 1562 8123 3724
3 6307 4244 3299
3 7134 148 5540
3 4535 5899 6914
3 9545 7412 2064
3 5375 1853 1884
3 1238 976 6129
3 6034 4034 523
3 6136 9946 3357
3 8930 2673 3405
3 8608 4638 219
3 5236 4469 5609
3 7768 635 7010
3 872 8540 2191
3 4043 2672 78
3 3935 5133 2976
3 7403 2599 8705
3 8048 3377 9300
3 3252 9969 3077
3 7254 9497 7044
3 4744 9541 8193
3 1821 3555 2619
3 9680 6708 271
3 3708 65 9507
3 6126 6223 2042
3 7892 9900 9627
3 8678 1795 2369
3 3103 4889 5626
3 1901 4686 1757
3 2099 3388 2491
3 6555 3872 779
3 8790 5354 4585
3 8033 7328 3957
3 4418 7597 8993
3 2487 4028 7773
3 1623 7287 6781
3 7462 2450 4417
3 4037 4189 7199
3 2100 7303 2229
3 2970 2266 1608
3 9030 6723 5022
3 5456 1967 8982
3 4023 5716 686
3 2698 6530 269
3 1158 7243 6293
3 2882 3118 808
3 2157 2863 1022
3 2449 2416 8357
3 7068 1437 2541
3 9822 7488 3772
3 5670 9557 5388
3 7349 7820 9264
3 8232 187 2998
3 1046 360 6749
3 4287 8661 3414
3 8979 7716 2653
3 544 6825 4281
3 2926 3098 7685
3 7992 3240 6910
3 843 6061 259
3 1428 90 8496
3 624 119 587
3 9377 6548 1933
3 2058 3890 3314
3 9257 2523 4289
3 1745 490 5519
3 1281 4719 7860
3 5987 1692 1375
3 7256 1759 2184
3 2717 3832 7141
3 787 2478 7437
3 2894 2990 133
3 7480 2751 6831
3 4428 8420 8333
3 4221 3146 5043
3 1469 5376 788
3 2595 225 6118
3 9050 6876 6490
3 3407 1661 3301
3 8373 4274 7841
3 3323 8299 5522
3 7809 8460 4046
3 5881 5019 8876
3 4942 7888 610
3 6796 1878 124
3 2685 3136 8711
3 746 7852 8511
3 433 9540 9488
3 9370 2131 1042
3 477 1172 9415
3 2354 8801 8576
3 4982 9863 361
3 170 3383 5252
3 9774 6576 2668
3 1039 1058 9730
3 5371 8432 3807
3 608 8539 7220
3 2375 5606 7753
3 5466 7467 7111
3 3276 38 2526
3 4676 5127 5525
3 647 9112 1863
3 4366 996 5283
3 2690 6019 7508
3 657 7084 718
3 4937 1995 5967
3 8443 2347 3560
3 8390 5575 2559
3 6861 8483 9808
3 1274 9169 1421
3 3613 3465 3642
3 6237 299 6797
3 406 184 1436
3 8742 9099 6235
3 5107 961 9437
3 4075 1362 2738
3 3043 8574 5228
3 2032 3114 5488
3 5610 3287 914
3 8630 4745 9758
3 1380 8647 7874
3 6503 9998 655
3 9353 2290 4404
3 1927 710 1446
3 3986 5737 7219
3 5125 2006 825
3 2376 6425 4714
3 9959 1081 6822
3 3112 5052 5686
3 3691 7316 730
3 6857 4328 2937
3 8873 6777 5398
3 1196 9625 8817
3 5476 432 2467
3 7849 6613 6725
3 94 5835 9356
3 8833 2598 9778
3 6956 2848 5158
3 7980 9250 9647
3 7436 9500 4806
3 3667 6651 6923
3 7498 6160 6506
3 4246 5505 6692
3 7145 1357 3120
3 6677 2548 735
3 8736 47 9576
3 6297 2226 6864
3 7906 1754 9577
3 552 9942 6466
3 6015 1318 8189
3 3626 7168 5931
3 3149 2308 6481
3 1726 5205 756
3 3863 6102 9905
3 3447 2870 4044
3 6479 7479 421
3 7369 7166 781
3 7581 6631 700
3 9755 321 9961
3 1488 934 251
3 8889 6735 2954
3 5082 3265 8694
3 1333 2314 1459
3 9424 5001 683
3 1717 6339 5913
3 894 8045 974
3 6661 9403 5823
3 3293 2732 3792
3 4912 5074 6266
3 2144 2367 8709
3 9172 1076 4503
3 5934 7714 2654
3 2458 1310 9921
3 8276 3125 2854
3 1192 8659 9722
3 7931 3205 9325
3 4537 9636 6950
3 7699 446 5251
3 8250 7415 1570
3 3515 7110 5063
3 6894 975 4607
3 1847 6178 2235
3 5991 5239 2007
3 9111 6296 1833
3 1311 7178 2081
3 4358 7805 6622
3 4058 7314 5641
3 2244 4545 3237
3 5269 501 1125
3 5230 2897 7887
3 5789 8974 1463
3 102 2743 4234
3 2107 7352 892
3 985 2189 2374
3 5871 4677 1441
3 6933 4821 4257
3 5868 6937 6290
3 2603 6284 7340
3 2695 3479 6462
3 4083 5564 4254
3 2168 1139 8726
3 1307 2194 6549
3 508 4890 2525
3 8725 9159 9245
3 9139 9347 769
3 8461 5430 140
3 2355 2161 5607
3 9919 1816 7687
3 5265 9372 9975
3 5648 5434 3116
3 2507 3548 488
3 9408 7370 5687
3 1345 4944 3612
3 5956 4901 9872
3 8846 6997 7025
3 1016 1473 7737
3 9562 4730 9191
3 9444 3833 3572
3 5712 126 4395
3 5403 524 4687
3 2287 8207 475
3 417 1167 7365
3 3092 8374 8957
3 2397 7560 9613
3 5756 2514 217
3 7925 947 1138
3 3536 4258 7663
3 3222 4614 4555
3 4055 9458 990
3 2805 2443 6215
3 2730 648 7683
3 4949 9858 280
3 6412 1609 7532
3 7564 5710 8815
3 8572 3804 2725
3 5296 819 9368
3 9891 2741 4694
3 6990 2072 6213
3 3879 6040 32
3 2307 2582 5336
3 2278 1783 1226
3 1612 2546 4859
3 9221 3912 149
3 2786 7407 953
3 1943 6452 9611
3 4392 5045 3164
3 329 1189 3147
3 9468 6428 5870
3 6960 1806 6227
3 6007 5856 8150
3 5850 5812 5811
3 8396 2462 8729
3 2656 7143 7478
3 4056 5612 8841
3 1263 6502 4084
3 3250 3166 8391
3 9026 9803 2391
3 963 4753 7351
3 5743 2034 7449
3 2076 5369 1386
3 2078 2644 2103
3 8505 7122 9791
3 9095 8719 9654
3 2902 564 1797
3 4168 470 6722
3 8110 4211 7052
3 243 2498 6260
3 7857 1894 995
3 373 6220 4230
3 2074 6130 8919
3 4544 6650 7378
3 5092 1398 5114
3 2675 2637 426
3 5858 8087 8025
3 2135 6863 8285
3 2938 8905 8764
3 2871 9127 2387
3 1637 8627 2346
3 6113 8852 8106
3 4772 7012 2893
3 4897 6991 3955
3 4195 9206 1647
3 3427 4533 5395
3 2283 8755 3537
3 386 5923 1565
3 3676 7277 7769
3 7825 3484 3905
3 5203 4495 3559
3 4245 1461 9254
3 5048 4711 4965
3 884 8198 9302
2 257 7689
2 8398 4532
2 3760 6697
2 3794 9004
2 8392 2814
2 4474 1695
2 2540 7961
2 365 7262
2 3674 8861
2 5467 5212
2 740 9869
2 3033 2077
2 709 9836
2 6690 3062
2 3750 9263
2 5729 9887
2 3944 9650
2 2334 1700
2 4089 5731
2 1614 6986
2 5264 5864
2 8081 8425
2 4356 4746
2 1824 306
2 59 5061
2 4556 8044
2 7862 4284
2 9366 1930
2 4538 179
2 8248 3055
2 876 3037
2 7792 7447
2 7463 6316
2 6827 514
2 2318 9965
2 9234 2326
2 2543 1511
2 1811 586
2 8601 457
2 5583 4480
2 6495 5496
2 8267 7614
2 7461 1165
2 2589 1010
2 10 6359
2 1874 3364
2 6604 5599
2 5254 693
2 8961 8658
2 1564 5503
2 2358 177
2 9571 942
2 7028 3514
2 1175 4406
2 6800 6168
2 6336 8610
2 1813 4173
2 5521 6571
2 2023 1013
2 8751 7923
2 2982 3655
2 1729 8032
2 60 241
2 3135 9474
2 7513 2584
2 4390 797
2 5553 7215
2 8641 9539
2 6794 252
2 1665 9084
2 923 5406
2 2383 8590
2 6974 7354
2 3468 9753
2 454 3032
2 1823 815
2 74 5715
2 4493 5591
2 2299 5706
2 6124 2756
2 7670 3234
2 7402 3538
2 2981 9387
2 7301 1481
2 9310 6634
2 989 5921
2 8303 734
2 5722 1924
2 7928 5012
2 1316 6081
2 5847 1121
2 4114 9513
2 4632 3108
2 161 8429
2 7416 3768
2 7288 7414
2 2348 9186
2 5698 2152
2 118 8646
2 8757 4251
2 4464 2831
2 7321 9673
2 9977 2825
2 6848 2883
2 8972 1077
2 4445 2211
2 4422 9352
2 3565 1607
2 5202 3778
2 1500 2151
2 4497 3390
2 1739 6936
2 9850 7226
2 882 9481
2 1370 1545
2 761 8078
2 6262 5396
2 4809 1193
2 9170 6049
2 8942 4868
2 1925 4025
2 5943 6670
2 4270 1506
2 7997 8294
2 3901 4542
2 9079 1091
2 8171 5111
2 8283 6641
2 7214 7205
2 2940 6070
2 2390 1652
2 4088 6803
2 2564 2661
2 6074 3995
2 1980 2785
2 8268 885
2 168 4932
2 6812 9776
2 6351 9651
2 6591 3680
2 5240 6229
2 3927 6984
2 5461 9553
2 7040 1650
2 611 8863
2 419 2016
2 1985 7949
2 5531 708
2 5994 9260
2 1951 304
2 1788 3310
2 3988 6518
2 4277 4092
2 9603 7078
2 3382 7406
2 9985 8165
2 1553 6109
2 6504 6569
2 576 6157
2 5530 6175
2 3131 5340
2 1176 8269
2 8130 7165
2 7826 1027
2 2281 5514
2 2758 4447
2 3788 9694
2 6209 5776
2 2444 8406
2 8559 1303
2 1440 8859
2 1374 4465
2 204 6844
2 1639 3286
2 6492 1870
2 5167 1148
2 1082 2700
2 5322 2693
2 5894 134
2 2454 8948
2 9293 5411
2 8216 3946
2 7317 2132
2 6625 4296
2 5588 5204
2 232 664
2 7304 8467
2 913 1893
2 6048 6103
2 2455 6000
2 7973 7830
2 8532 3758
2 166 4303
2 6978 495
2 970 529
2 558 1510
2 9692 3442
2 2778 694
2 2445 1486
2 7806 5735
2 9040 5805
2 6729 203
2 7393 4184
2 2745 2931
2 1611 8933
2 7965 9150
2 2325 9255
2 4443 4675
2 7060 9881
2 1852 8227
2 5874 3389
2 3671 8412
2 5910 6618
2 2517 1803
2 341 5290
2 9833 9319
2 2890 6069
2 9133 9845
2 6394 4364
2 5792 5542
2 5293 6374
2 6406 8124
2 5034 4643
2 2327 5455
2 7158 3016
2 1907 7637
2 7224 9522
2 9757 7904
2 5932 8041
2 7738 1748
2 2396 7601
2 6762 8375
2 7466 1071
2 854 6915
2 1677 3028
2 9256 4561
2 2459 7953
2 2592 9483
2 2985 6742
2 3281 5083
2 3302 5613
2 7510 3309
2 4742 6953
2 3334 5594
2 5652 8380
2 3602 1522
2 5064 4194
2 8991 1286
2 2085 1848
2 292 9818
2 2305 2572
2 2565 5732
2 9710 984
2 5619 1164
2 3665 23
2 2407 7939
2 5046 1671
2 8625 9140
2 4598 2895
2 2663 5129
2 1750 3795
2 9307 5713
2 4131 6042
2 1542 4038
2 7740 4943
2 3824 1618
2 2657 5454
2 8023 2106
2 9431 7960
2 728 6715
2 3894 6012
2 7512 2050
2 7948 214
2 8487 5198
2 768 4139
2 9210 4320
2 7464 85
2 5815 7828
2 6823 9873
2 8199 5066
2 108 3474
2 1113 8595
2 1999 4100
2 850 8777
2 3457 5416
2 8990 7359
2 120 8019
2 5558 5234
2 6414 7629
2 6526 8006
2 5189 7451
2 9048 2749
2 234 3727
2 6283 9305
2 6206 9008
2 738 1275
2 7148 9158
2 5539 8605
2 1693 2466
2 8609 7069
2 4048 6100
2 792 7009
2 3512 4817
2 9141 1344
2 7751 8612
2 1351 848
2 651 3047
2 4475 7344
2 7881 4995
2 9599 2464
2 4508 3889
2 8094 2499
2 3104 3966
2 9844 7496
2 8320 8849
2 9588 7516
2 2381 9993
2 9311 9451
2 5463 1723
2 4791 4322
2 336 4147
2 4141 7319
2 1336 1181
2 8635 4076
2 1406 1504
2 8794 8812
2 4365 6166
2 5088 6532
2 4282 4362
2 1760 1900
2 3483 8330
2 6355 8394
2 7392 9318
2 6771 704
2 536 5685
2 3410 9579
2 3653 8935
2 5738 8315
2 1859 390
2 8958 3556
2 9422 785
2 3208 2332
2 8261 2177
2 2501 9202
2 9044 5029
2 3963 5080
2 690 4674
2 9728 2777
2 713 8445
2 3533 9704
2 5221 9287
2 2991 8771
2 9736 6607
2 8000 6319
2 6885 4133
2 9211 7072
2 77 2298
2 5444 697
2 8419 4507
2 5120 8053
2 1005 8962
2 3843 7573
2 4305 5585
2 1407 7120
2 4186 4273
2 294 3086
2 4455 7955
2 5840 2503
2 7793 8085
2 2139 6207
2 1365 3319
2 8324 1173
2 4003 682
2 515 5331
2 4820 5288
2 957 9662
2 1604 6106
2 8657 742
2 5797 4919
2 3305 5707
2 9001 3701
2 2366 9445
2 2709 9706
2 9027 1619
2 5438 2844
2 8280 2943
2 1439 7623
2 1579 1079
2 2170 2154
2 7985 4426
2 3567 5730
2 6079 6880
2 6630 5621
2 4094 8020
2 5421 115
2 3425 5714
2 9761 6726
2 4000 8732
2 4622 3217
2 6357 1868
2 5079 1044
2 8342 2164
2 7475 5829
2 4981 5504
2 9024 8264
2 7812 9564
2 2254 414
2 487 3929
2 8698 4394
2 9321 8599
2 466 3434
2 9219 289
2 4016 111
2 8530 4801
2 3513 3313
2 6401 3270
2 8845 7413
2 9734 4215
2 8001 8508
2 3639 5401
2 549 1447
2 2739 8181
2 4510 2315
2 1089 8806
2 889 4546
2 6063 4833
2 3008 4549
2 9490 5676
2 1404 2373
2 1326 9714
2 2859 5863
2 8086 9076
2 2379 4470
2 8302 9069
2 3000 5067
2 6491 5225
2 3522 9903
2 9432 3397
2 9495 888
2 7476 5266
2 9327 986
2 5632 7916
2 8748 1349
2 2312 6047
2 7075 8228
2 1513 7915
2 2098 9189
2 112 5940
2 8869 4350
2 1557 822
2 3865 4181
2 6200 680
2 3406 8885
2 1909 6122
2 6515 841
2 1232 1120
2 5192 8681
2 7029 5587
2 2317 155
2 5258 5119
2 8243 1785
2 2794 1356
2 6759 4673
2 6162 6179
2 347 7091
2 9386 9890
2 3600 8880
2 25 1499
2 6073 9204
2 5338 4334
2 1111 4063
2 5828 9309
2 2530 363
2 173 4609
2 5256 7213
2 4594 5782
2 2934 1944
2 9804 6996
2 6755 4129
2 6779 2256
2 2735 8892
2 8693 9509
2 7746 1397
2 5768 3181
2 2250 6624
2 2755 4740
2 4528 4749
2 4576 7894
2 5701 1066
2 3780 5176
2 5749 5367
2 3009 2262
2 9174 7853
2 971 9118
2 925 4073
2 6370 8367
2 9179 2065
2 4646 7427
2 4132 6757
2 7236 9085
2 4489 533
2 2380 371
2 2686 2096
2 3593 4011
